영화코드,영화명,개봉일,점유율집계일,개봉n일차,개봉n일차(int),상영횟수,상영점유율,상영점유율순위,스크린수,스크린점유율,스크린점유율순위,좌석수,좌석판매율,좌석점유율,좌석점유율순위,매출액,누적매출액,관객수,누적관객수
20140704,비밀은 없다,2016-06-23,2016-06-23,0 days 00:00:00.000000000,0,2334,41.237,1,463,27.9,2,349035,15.3,13.23,1,404585600,428941600,53485,56552
20140704,비밀은 없다,2016-06-23,2016-06-24,1 days 00:00:00.000000000,1,2323,40.218,1,474,27.3,2,345879,12.8,12.84,1,372690283,801631883,44302,100854
20140704,비밀은 없다,2016-06-23,2016-06-25,2 days 00:00:00.000000000,2,2083,38.073,1,502,28.6,2,305003,16.9,10.85,1,442132256,1243764139,51512,152366
20140704,비밀은 없다,2016-06-23,2016-06-26,3 days 00:00:00.000000000,3,1954,37.177,1,493,28.8,2,283987,14.6,10.35,1,356135200,1599899339,41340,193706
20140704,비밀은 없다,2016-06-23,2016-06-27,4 days 00:00:00.000000000,4,1994,35.645,1,435,26.1,3,287979,6.5,11.24,1,140908500,1740807839,18830,212536
20140704,비밀은 없다,2016-06-23,2016-06-28,5 days 00:00:00.000000000,5,1922,34.599000000000004,1,438,25.7,3,279945,6.4,10.99,1,132382200,1873190039,17817,230353
20140704,비밀은 없다,2016-06-23,2016-06-29,6 days 00:00:00.000000000,6,492,5.36,5,269,10.3,5,60210,7.2,2.19,5,28806600,1901996639,4341,234694
20140704,비밀은 없다,2016-06-23,2016-06-30,7 days 00:00:00.000000000,7,327,3.534,5,183,7.3,5,37964,6.0,1.37,5,17320900,1919317539,2277,236971
20140704,비밀은 없다,2016-06-23,2016-07-01,8 days 00:00:00.000000000,8,278,2.945,5,159,6.2,5,31768,6.0,1.13,5,16090100,1935407639,1906,238877
20140704,비밀은 없다,2016-06-23,2016-07-02,9 days 00:00:00.000000000,9,178,1.836,5,120,4.5,5,19918,10.1,0.67,6,16804800,1952212439,2009,240886
20140704,비밀은 없다,2016-06-23,2016-07-03,10 days 00:00:00.000000000,10,171,1.857,5,113,4.4,5,19754,9.5,0.68,6,15754800,1967967239,1871,242757
20140704,비밀은 없다,2016-06-23,2016-07-04,11 days 00:00:00.000000000,11,242,2.724,5,141,5.9,5,27464,6.1,1.03,5,12422000,1980389239,1670,244427
20140704,비밀은 없다,2016-06-23,2016-07-05,12 days 00:00:00.000000000,12,240,2.737,5,141,5.8,5,26970,6.8,1.02,5,13721500,1994110739,1842,246269
20140704,비밀은 없다,2016-06-23,2016-07-06,13 days 00:00:00.000000000,13,30,0.365,9,21,0.9,9,2820,26.7,0.11,9,6000000,2000110739,753,247022
20140704,비밀은 없다,2016-06-23,2016-07-07,14 days 00:00:00.000000000,14,29,0.366,10,27,1.2,9,4014,16.6,0.15,9,4206000,2004316739,665,247687
20140704,비밀은 없다,2016-06-23,2016-07-08,15 days 00:00:00.000000000,15,28,0.343,10,27,1.1,9,3802,19.8,0.14,9,5190500,2009507239,753,248440
20140704,비밀은 없다,2016-06-23,2016-07-09,16 days 00:00:00.000000000,16,11,0.13699999999999998,11,9,0.4,11,1639,22.4,0.06,10,2947000,2012454239,367,248807
20140704,비밀은 없다,2016-06-23,2016-07-10,17 days 00:00:00.000000000,17,12,0.155,11,10,0.4,11,1539,21.4,0.05,11,2542000,2014996239,330,249137
20140704,비밀은 없다,2016-06-23,2016-07-11,18 days 00:00:00.000000000,18,5,0.062,12,4,0.2,14,507,21.9,0.02,14,819000,2015815239,111,249248
20140704,비밀은 없다,2016-06-23,2016-07-12,19 days 00:00:00.000000000,19,7,0.096,12,5,0.2,12,651,19.5,0.02,13,943000,2016758239,127,249375
20140704,비밀은 없다,2016-06-23,2016-07-13,20 days 00:00:00.000000000,20,1,0.016,21,1,0.1,18,92,33.7,0.0,24,273000,2017031239,31,249406
20140704,비밀은 없다,2016-06-23,2016-07-14,21 days 00:00:00.000000000,21,1,0.016,20,1,0.1,17,160,15.6,0.01,17,212000,2017243239,25,249431
20140704,비밀은 없다,2016-06-23,2016-07-15,22 days 00:00:00.000000000,22,3,0.047,11,2,0.1,11,344,32.3,0.01,13,1087000,2018330239,111,249542
20140704,비밀은 없다,2016-06-23,2016-07-16,23 days 00:00:00.000000000,23,4,0.064,11,3,0.1,11,364,39.0,0.01,13,1224000,2019554239,142,249684
20140704,비밀은 없다,2016-06-23,2016-07-17,24 days 00:00:00.000000000,24,6,0.101,11,5,0.2,10,648,21.5,0.02,13,1322000,2020876239,139,249823
20140704,비밀은 없다,2016-06-23,2016-07-18,25 days 00:00:00.000000000,25,4,0.073,10,2,0.1,13,346,14.7,0.01,15,378000,2021254239,51,249874
20140704,비밀은 없다,2016-06-23,2016-07-19,26 days 00:00:00.000000000,26,6,0.11,10,3,0.2,11,476,18.3,0.02,11,650000,2021904239,87,249961
20140704,비밀은 없다,2016-06-23,2016-07-20,27 days 00:00:00.000000000,27,3,0.029,13,1,0.0,15,174,24.1,0.01,14,362000,2022266239,42,250003
20140704,비밀은 없다,2016-06-23,2016-07-21,28 days 00:00:00.000000000,28,2,0.019,12,2,0.1,12,150,27.3,0.01,11,367000,2022633239,41,250044
20140704,비밀은 없다,2016-06-23,2016-07-22,29 days 00:00:00.000000000,29,2,0.019,11,1,0.0,12,184,16.3,0.01,12,297000,2022930239,30,250074
20140704,비밀은 없다,2016-06-23,2016-07-23,30 days 00:00:00.000000000,30,1,0.009000000000000001,13,1,0.0,13,92,89.1,0.0,18,814000,2023744239,82,250156
20140704,비밀은 없다,2016-06-23,2016-07-24,31 days 00:00:00.000000000,31,2,0.018000000000000002,9,2,0.1,8,150,25.3,0.01,8,348000,2024092239,38,250194
20140704,비밀은 없다,2016-06-23,2016-07-25,32 days 00:00:00.000000000,32,1,0.01,21,1,0.0,16,58,32.8,0.0,21,169000,2024261239,19,250213
20140704,비밀은 없다,2016-06-23,2016-07-26,33 days 00:00:00.000000000,33,2,0.019,15,1,0.0,12,116,19.8,0.0,27,199000,2024460239,23,250236
20140704,비밀은 없다,2016-06-23,2016-07-27,34 days 00:00:00.000000000,34,2,0.019,12,2,0.1,10,150,6.7,0.01,12,90000,2024550239,10,250246
20140704,비밀은 없다,2016-06-23,2016-07-29,36 days 00:00:00.000000000,36,1,0.009000000000000001,13,1,0.0,12,58,31.0,0.0,15,180000,2024730239,18,250264
20140704,비밀은 없다,2016-06-23,2016-07-30,37 days 00:00:00.000000000,37,1,0.009000000000000001,14,1,0.0,11,58,25.9,0.0,19,150000,2024880239,15,250279
20140704,비밀은 없다,2016-06-23,2016-08-01,39 days 00:00:00.000000000,39,1,0.009000000000000001,15,1,0.1,12,58,10.3,0.0,18,54000,2024934239,6,250285
20140704,비밀은 없다,2016-06-23,2016-08-02,40 days 00:00:00.000000000,40,1,0.009000000000000001,13,1,0.0,10,58,6.9,0.0,15,24000,2024958239,4,250289
20140704,비밀은 없다,2016-06-23,2016-08-04,42 days 00:00:00.000000000,42,1,0.011,14,1,0.0,14,92,5.4,0.0,16,44000,2025002239,5,250294
20140704,비밀은 없다,2016-06-23,2016-08-05,43 days 00:00:00.000000000,43,1,0.011,16,1,0.0,16,58,5.2,0.0,15,21000,2025023239,3,250297
20140704,비밀은 없다,2016-06-23,2016-08-06,44 days 00:00:00.000000000,44,1,0.01,8,1,0.0,8,58,37.9,0.0,10,217000,2025240239,22,250319
20140704,비밀은 없다,2016-06-23,2016-08-07,45 days 00:00:00.000000000,45,2,0.02,10,2,0.1,9,294,63.6,0.01,9,1414000,2026654239,187,250506
20140704,비밀은 없다,2016-06-23,2016-08-14,52 days 00:00:00.000000000,52,1,0.006999999999999999,11,1,0.0,10,58,44.8,0.0,17,248000,2026902239,26,250532
20140704,비밀은 없다,2016-06-23,2016-08-15,53 days 00:00:00.000000000,53,1,0.006999999999999999,15,1,0.0,13,58,20.7,0.0,16,120000,2027022239,12,250544
20140704,비밀은 없다,2016-06-23,2016-08-18,56 days 00:00:00.000000000,56,1,0.009000000000000001,21,1,0.0,20,92,10.9,0.0,27,89000,2027111239,10,250554
20140704,비밀은 없다,2016-06-23,2016-08-19,57 days 00:00:00.000000000,57,2,0.018000000000000002,14,1,0.0,15,116,12.9,0.0,18,122000,2027233239,15,250569
20140704,비밀은 없다,2016-06-23,2016-08-22,60 days 00:00:00.000000000,60,2,0.018000000000000002,19,1,0.0,16,116,12.9,0.0,25,134000,2027367239,15,250584
20140704,비밀은 없다,2016-06-23,2016-08-23,61 days 00:00:00.000000000,61,2,0.018000000000000002,18,1,0.0,17,116,17.2,0.0,23,154000,2027521239,20,250604
20140704,비밀은 없다,2016-06-23,2016-08-24,62 days 00:00:00.000000000,62,2,0.021,17,1,0.0,18,116,6.9,0.0,25,60000,2027581239,8,250612
20140704,비밀은 없다,2016-06-23,2016-09-09,78 days 00:00:00.000000000,78,1,0.009000000000000001,23,1,0.0,23,850,0.4,0.03,14,24000,2027605239,3,250615
20140704,비밀은 없다,2016-06-23,2016-09-10,79 days 00:00:00.000000000,79,1,0.008,22,1,0.0,22,850,1.3,0.03,17,84000,2027689239,11,250626
20140704,비밀은 없다,2016-06-23,2016-09-11,80 days 00:00:00.000000000,80,1,0.009000000000000001,25,1,0.0,25,850,0.5,0.03,17,32000,2027721239,4,250630
20140704,비밀은 없다,2016-06-23,2016-09-23,92 days 00:00:00.000000000,92,1,0.013,20,1,0.0,20,119,16.8,0.0,33,80000,2027801239,20,250650
20140704,비밀은 없다,2016-06-23,2016-10-27,126 days 00:00:00.000000000,126,1,0.019,21,1,0.1,17,110,100.0,0.0,22,990000,2028791239,110,250760
20140704,비밀은 없다,2016-06-23,2016-12-18,178 days 00:00:00.000000000,178,1,0.009000000000000001,27,1,0.0,25,77,40.3,0.0,29,277000,2029068239,31,250791
20140704,비밀은 없다,2016-06-23,2016-12-23,183 days 00:00:00.000000000,183,1,0.009000000000000001,33,1,0.0,29,77,49.4,0.0,36,342000,2029410239,38,250829
20140704,비밀은 없다,2016-06-23,2017-03-31,281 days 00:00:00.000000000,281,1,0.015,14,1,0.1,13,200,3.0,0.01,11,35000,2029445239,6,250835
20140704,비밀은 없다,2016-06-23,2017-12-07,532 days 00:00:00.000000000,532,1,0.012,30,1,0.0,28,413,3.4,0.01,23,42000,2029487239,14,250849
20140704,비밀은 없다,2016-06-23,2017-12-08,533 days 00:00:00.000000000,533,1,0.012,29,1,0.0,26,413,2.9,0.01,19,36000,2029523239,12,250861
20140704,비밀은 없다,2016-06-23,2018-08-17,785 days 00:00:00.000000000,785,1,0.008,19,1,0.0,15,77,55.8,0.0,23,645000,2030168239,43,250904
